[MOTOR_PARAM]
Rotate_Motor_PORT=24
Distance_Motor_PORT=23
Laser_Relay_PORT=6
Rail_Move_Speed=3
Rotate_Interval=300

[ANGLE_SENSOR_PARAM]
Angle_Sensor_Enable = 1
Angle_Sensor_PORT=18
Angle_Sensor_BAUDRATE=38400


[CAMERA_PARAM]
CAM_Exposure_Time=25000
CAM_Gain=15

[IMAGE_PROCESS_PARAM]
Binary_Threshold=70
Error_Tolerant_Thres=15
Save_Image_Enable=1 

[CALIB_PARAM]
CAM_Start=1
CAMs_to_Calib=8
SINGLE_CAM_Calib_Mode=0
Init_Distance = 2407.3
Init_Distance_Need_Confirm = 0
Rail_Pos=8
;Rail_Pos=4
Rail_PosStep=1000
;Rail_Length_Scale=0.0997450
Rail_Length_Scale=0.09969

CAM1_Serial=00D36305974
CAM2_Serial=00D36305977
CAM3_Serial=00D36305967
CAM4_Serial=00D09607724
CAM5_Serial=00660023833
CAM6_Serial=00D36305969
CAM7_Serial=00C18991390
CAM8_Serial=00802890310

CAM1_LightCenter=1031.074
CAM2_LightCenter=1019.444
CAM3_LightCenter=1022.380
CAM4_LightCenter=1015.257
CAM5_LightCenter=1023.536
CAM6_LightCenter=1018.120
CAM7_LightCenter=1030.650
CAM8_LightCenter=1013.277

CAM1_POS=0
CAM2_POS=16496
CAM3_POS=32830
CAM4_POS=49288
CAM5_POS=65668
CAM6_POS=82119
CAM7_POS=98316
CAM8_POS=114886

CAM1_ANGLE=0.000
CAM2_ANGLE=40.75833
CAM3_ANGLE=81.76667
CAM4_ANGLE=122.9417
CAM5_ANGLE=163.95
CAM6_ANGLE=204.7583
CAM7_ANGLE=246.0667
CAM8_ANGLE=287.3583


[LAST_MODIFICATION]
DATE=20200704
TIME=14:41:00